6,2,347~6,4,347
2,4,228~2,4,229
6,6,148~6,9,148
0,4,343~2,4,343
3,6,32~6,6,32
3,4,63~6,4,63
6,7,127~8,7,127
2,9,58~3,9,58
6,9,171~6,9,171
3,3,142~7,3,142
3,7,129~3,8,129
3,1,44~4,1,44
6,5,25~6,7,25
6,7,239~6,7,239
2,4,339~4,4,339
7,7,53~7,8,53
7,0,301~7,1,301
9,1,13~9,3,13
3,9,328~5,9,328
8,0,57~8,0,59
8,0,56~8,1,56
5,6,237~8,6,237
2,7,10~2,9,10
4,4,130~4,5,130
9,4,285~9,4,287
9,2,52~9,2,54
8,3,208~8,5,208
4,3,186~4,5,186
6,0,31~8,0,31
3,1,84~3,4,84
2,4,279~2,6,279
4,4,282~7,4,282
4,7,87~4,8,87
2,5,184~2,6,184
5,2,23~5,3,23
5,8,339~5,9,339
1,8,333~3,8,333
7,7,57~7,9,57
5,0,27~5,3,27
3,6,228~3,6,230
3,0,101~5,0,101
7,8,136~7,8,138
0,2,82~0,2,84
0,5,301~0,8,301
5,0,286~5,1,286
2,6,25~2,8,25
0,0,338~1,0,338
3,7,52~3,9,52
1,6,127~3,6,127
7,4,136~7,7,136
7,7,242~9,7,242
2,0,360~4,0,360
2,8,117~2,8,119
9,2,8~9,2,10
3,6,143~3,7,143
0,2,30~0,4,30
8,8,351~8,8,352
8,5,14~8,7,14
7,3,229~7,5,229
5,6,110~5,7,110
6,4,91~6,4,92
3,1,226~3,3,226
6,7,184~9,7,184
2,1,253~2,4,253
7,7,21~7,9,21
7,9,4~7,9,5
0,9,212~3,9,212
1,6,48~3,6,48
2,8,154~4,8,154
7,4,116~7,6,116
1,7,251~4,7,251
5,4,310~5,7,310
5,8,206~6,8,206
0,3,52~0,6,52
4,0,24~7,0,24
0,3,26~3,3,26
4,3,241~4,3,242
8,5,48~8,7,48
3,1,269~3,1,269
2,3,286~4,3,286
9,5,244~9,5,246
3,9,4~5,9,4
6,1,1~8,1,1
3,0,270~3,1,270
5,1,111~8,1,111
9,1,346~9,3,346
6,0,310~6,2,310
1,2,119~1,4,119
7,9,191~7,9,193
9,5,337~9,5,340
3,3,278~6,3,278
1,4,220~1,7,220
4,6,129~4,7,129
4,9,26~7,9,26
6,8,350~9,8,350
2,8,95~4,8,95
2,5,285~4,5,285
6,7,294~6,7,297
0,4,345~2,4,345
0,0,81~0,0,83
6,1,26~6,3,26
1,4,66~4,4,66
4,1,21~4,3,21
1,1,229~4,1,229
8,1,284~8,4,284
7,0,88~9,0,88
1,8,149~3,8,149
8,0,116~8,3,116
6,2,125~6,4,125
6,0,323~6,3,323
3,2,128~6,2,128
9,6,115~9,8,115
6,2,312~6,4,312
8,6,241~8,8,241
2,9,276~3,9,276
6,1,136~6,2,136
8,6,171~8,6,172
6,4,280~6,6,280
4,0,282~7,0,282
3,0,213~3,2,213
4,3,90~4,5,90
7,0,60~7,2,60
7,2,98~7,2,98
5,7,48~7,7,48
6,3,111~6,3,113
1,3,296~1,5,296
0,7,286~0,9,286
4,7,195~5,7,195
9,7,11~9,7,13
3,0,162~5,0,162
3,0,117~4,0,117
2,9,55~4,9,55
4,3,246~4,5,246
7,6,33~9,6,33
2,9,222~4,9,222
1,0,313~3,0,313
8,4,279~8,6,279
2,5,20~2,8,20
4,0,146~6,0,146
3,0,140~3,1,140
1,1,263~1,3,263
1,3,41~1,6,41
1,8,120~4,8,120
1,3,312~1,5,312
8,7,13~8,9,13
3,5,80~3,7,80
1,3,180~3,3,180
2,6,163~2,6,166
2,9,277~3,9,277
7,6,245~7,8,245
1,8,226~1,8,227
1,5,125~1,7,125
2,5,39~2,7,39
3,7,241~5,7,241
6,3,341~7,3,341
6,0,288~6,3,288
2,5,321~2,7,321
2,5,296~2,8,296
6,9,237~9,9,237
2,6,9~2,9,9
0,1,192~2,1,192
2,0,332~2,3,332
3,0,29~3,2,29
6,7,210~8,7,210
7,2,184~7,3,184
9,0,289~9,3,289
4,7,295~4,9,295
5,3,224~6,3,224
0,1,303~0,4,303
5,3,78~5,3,80
8,0,248~8,3,248
7,3,332~7,6,332
4,3,69~4,5,69
7,1,104~7,4,104
1,1,233~1,3,233
9,1,232~9,3,232
2,6,102~4,6,102
2,5,107~2,7,107
1,0,2~1,0,4
4,4,269~6,4,269
1,8,152~2,8,152
0,4,335~3,4,335
4,2,221~4,4,221
0,1,239~0,4,239
2,7,128~4,7,128
0,9,162~1,9,162
9,6,259~9,7,259
1,6,12~3,6,12
7,6,183~7,9,183
5,5,128~5,5,128
0,7,11~2,7,11
8,5,36~9,5,36
8,3,89~9,3,89
4,0,202~6,0,202
1,9,172~3,9,172
1,0,102~4,0,102
3,7,93~3,8,93
0,6,105~2,6,105
7,6,336~7,7,336
7,1,53~7,3,53
6,9,178~8,9,178
4,3,123~4,5,123
3,5,1~3,8,1
4,6,205~4,7,205
0,0,92~3,0,92
6,8,158~9,8,158
7,6,58~7,8,58
6,5,210~6,6,210
7,3,164~7,4,164
4,1,304~4,4,304
3,8,321~5,8,321
7,8,181~8,8,181
0,2,300~0,5,300
4,0,3~4,0,7
6,3,96~6,6,96
5,7,318~5,8,318
9,0,323~9,2,323
8,3,166~8,4,166
2,7,336~6,7,336
6,7,208~8,7,208
5,0,253~7,0,253
2,2,209~2,3,209
9,3,318~9,6,318
4,4,182~5,4,182
3,9,353~6,9,353
1,9,161~4,9,161
2,8,170~2,9,170
2,0,244~2,2,244
2,1,102~2,3,102
1,5,258~1,7,258
0,7,14~0,9,14
5,1,17~5,3,17
4,6,225~7,6,225
0,2,148~0,4,148
7,9,127~9,9,127
2,5,277~2,6,277
2,1,4~2,4,4
4,3,32~4,5,32
7,0,224~7,2,224
4,1,314~4,3,314
8,0,217~8,2,217
2,4,39~2,4,39
7,4,217~9,4,217
2,6,283~3,6,283
3,4,191~3,6,191
6,2,1~6,5,1
9,1,123~9,1,123
4,4,235~5,4,235
7,2,354~7,3,354
3,5,12~4,5,12
8,1,174~9,1,174
5,4,131~8,4,131
2,0,33~2,1,33
2,3,127~4,3,127
3,2,278~5,2,278
2,3,5~2,6,5
4,5,297~4,7,297
5,2,185~5,4,185
2,1,76~2,3,76
4,8,123~7,8,123
2,2,268~3,2,268
5,2,167~5,3,167
9,0,15~9,3,15
1,6,109~1,9,109
5,7,147~5,9,147
6,2,278~9,2,278
8,4,108~9,4,108
9,1,312~9,3,312
3,2,47~4,2,47
4,0,29~4,2,29
3,3,295~3,5,295
6,6,102~8,6,102
0,1,338~2,1,338
9,2,142~9,5,142
2,5,28~2,6,28
1,5,145~2,5,145
1,2,142~1,4,142
0,4,135~0,7,135
6,8,355~9,8,355
0,3,51~2,3,51
2,1,254~2,4,254
8,7,34~8,8,34
2,5,294~4,5,294
1,4,107~1,6,107
7,4,292~7,7,292
0,8,172~3,8,172
8,0,201~8,2,201
5,0,317~7,0,317
9,0,6~9,2,6
5,1,212~5,3,212
2,3,48~4,3,48
0,7,17~1,7,17
2,4,206~4,4,206
6,4,66~6,6,66
1,7,271~3,7,271
7,7,345~7,9,345
4,4,38~7,4,38
7,2,303~7,4,303
5,8,118~7,8,118
3,2,88~3,4,88
4,4,355~6,4,355
4,3,40~4,6,40
7,7,55~7,9,55
4,3,290~7,3,290
0,6,163~0,7,163
7,2,1~7,3,1
6,7,4~9,7,4
1,6,111~4,6,111
1,3,96~1,4,96
9,2,1~9,3,1
0,0,315~2,0,315
2,5,35~3,5,35
5,1,187~5,4,187
7,0,237~7,3,237
1,4,67~1,5,67
6,4,41~6,7,41
9,3,8~9,5,8
4,5,173~4,8,173
2,6,281~5,6,281
8,3,211~8,6,211
6,0,94~6,0,97
2,9,298~2,9,300
0,3,72~0,5,72
3,2,58~3,4,58
0,6,174~0,8,174
0,7,206~3,7,206
4,7,201~4,9,201
2,4,81~2,6,81
4,9,226~5,9,226
0,2,115~0,4,115
5,3,264~5,5,264
1,2,310~3,2,310
2,7,129~2,8,129
3,4,188~4,4,188
5,1,89~5,4,89
7,5,226~9,5,226
0,6,210~0,9,210
5,3,319~5,5,319
8,0,172~8,3,172
6,3,137~6,5,137
2,0,106~2,2,106
2,2,246~2,4,246
2,5,151~2,5,154
1,6,169~3,6,169
9,0,216~9,2,216
2,5,222~2,7,222
5,4,219~7,4,219
2,4,180~4,4,180
1,6,265~1,6,266
6,3,274~9,3,274
5,0,36~5,1,36
2,5,326~5,5,326
4,1,307~7,1,307
6,0,22~6,3,22
7,3,181~7,5,181
5,1,34~5,4,34
6,7,99~6,9,99
7,8,142~8,8,142
0,4,80~1,4,80
5,7,166~5,9,166
4,4,356~4,6,356
7,2,112~9,2,112
2,4,248~2,7,248
3,0,323~3,2,323
2,0,199~5,0,199
2,0,26~4,0,26
1,6,216~3,6,216
3,4,235~3,5,235
3,7,40~3,9,40
4,8,134~6,8,134
9,8,16~9,8,18
7,1,276~7,2,276
3,1,258~3,4,258
1,5,288~3,5,288
2,3,120~2,5,120
0,0,86~0,3,86
5,5,98~5,6,98
2,6,146~2,8,146
0,3,28~0,5,28
1,2,31~4,2,31
6,5,108~6,8,108
0,7,260~1,7,260
0,0,245~0,0,245
7,6,54~7,6,55
3,5,271~4,5,271
2,2,23~2,3,23
1,2,359~4,2,359
1,1,91~1,3,91
6,5,293~8,5,293
4,1,25~7,1,25
2,0,293~2,4,293
0,0,98~3,0,98
1,8,33~1,9,33
5,6,239~5,8,239
7,8,168~8,8,168
4,0,120~4,0,122
3,4,87~6,4,87
6,2,77~6,4,77
0,1,203~0,3,203
5,6,93~5,8,93
2,0,69~2,1,69
5,0,347~5,1,347
4,8,198~5,8,198
2,5,2~3,5,2
4,3,41~4,3,45
2,1,67~2,4,67
6,3,314~8,3,314
6,0,320~9,0,320
7,1,315~9,1,315
8,0,52~8,4,52
2,4,334~2,6,334
4,7,113~5,7,113
9,4,308~9,7,308
1,6,138~1,9,138
2,4,287~2,5,287
4,0,277~7,0,277
1,2,129~1,5,129
3,6,359~4,6,359
5,5,23~5,8,23
2,0,198~2,2,198
3,1,244~3,1,247
4,5,284~4,7,284
2,4,304~3,4,304
5,5,142~8,5,142
1,9,18~1,9,20
3,0,89~3,2,89
2,3,228~2,3,229
8,6,114~8,9,114
6,7,1~6,8,1
9,9,305~9,9,308
9,4,346~9,6,346
4,1,253~7,1,253
0,6,225~3,6,225
3,4,9~3,6,9
4,2,300~4,4,300
1,0,107~2,0,107
7,7,348~7,8,348
7,1,230~7,3,230
5,8,203~8,8,203
1,7,112~4,7,112
3,6,126~3,9,126
2,5,302~2,7,302
4,4,215~7,4,215
6,9,319~8,9,319
5,4,321~5,6,321
7,9,58~9,9,58
5,0,279~5,3,279
2,4,322~2,6,322
7,1,101~7,2,101
0,7,314~0,9,314
2,4,250~2,6,250
7,2,64~7,2,67
9,5,322~9,6,322
7,5,340~7,7,340
9,7,185~9,8,185
7,3,272~7,5,272
7,4,93~7,7,93
1,8,175~3,8,175
6,6,229~6,6,229
9,3,238~9,6,238
6,7,250~8,7,250
4,0,298~7,0,298
7,1,135~8,1,135
7,2,122~7,4,122
4,0,326~7,0,326
0,0,75~0,3,75
5,2,18~5,2,20
4,3,103~4,3,106
7,8,330~8,8,330
0,2,80~0,3,80
5,3,131~6,3,131
1,0,155~1,2,155
3,6,184~4,6,184
2,7,86~2,8,86
6,2,248~6,4,248
1,2,312~1,2,314
3,3,34~3,5,34
7,1,278~7,1,280
4,4,100~4,7,100
6,4,207~8,4,207
3,3,139~3,5,139
2,5,84~2,8,84
2,4,218~2,6,218
3,4,198~5,4,198
7,6,169~9,6,169
2,1,261~2,3,261
4,8,7~4,9,7
0,1,201~3,1,201
3,9,333~3,9,336
0,0,77~0,0,79
7,3,56~9,3,56
1,6,227~3,6,227
9,5,186~9,7,186
6,7,170~6,9,170
7,2,38~8,2,38
8,2,22~8,4,22
2,6,126~2,8,126
9,8,159~9,9,159
6,3,29~8,3,29
0,3,112~0,6,112
0,4,3~0,4,4
4,5,268~4,8,268
0,2,76~0,2,79
9,3,229~9,5,229
5,6,338~5,8,338
0,1,321~3,1,321
6,1,121~6,4,121
8,2,136~8,3,136
6,4,81~8,4,81
7,3,97~7,3,98
6,9,12~8,9,12
0,3,242~0,3,245
5,4,324~5,6,324
3,7,292~6,7,292
0,3,340~1,3,340
9,0,121~9,4,121
6,6,113~9,6,113
7,7,332~9,7,332
1,2,206~1,4,206
2,4,337~2,6,337
1,3,308~1,6,308
3,7,269~5,7,269
7,1,312~7,4,312
1,8,176~1,8,178
5,9,126~9,9,126
0,6,115~1,6,115
5,3,342~5,3,344
5,3,293~7,3,293
0,2,243~2,2,243
0,2,204~1,2,204
2,2,16~2,3,16
1,5,214~1,7,214
8,0,27~8,2,27
3,4,201~5,4,201
5,4,84~6,4,84
0,1,339~1,1,339
1,7,257~1,9,257
8,4,54~8,4,56
2,3,320~2,5,320
0,5,106~0,6,106
3,6,140~5,6,140
2,1,216~4,1,216
1,5,273~4,5,273
3,5,89~4,5,89
3,1,188~5,1,188
8,0,128~8,2,128
5,7,315~5,7,317
5,7,200~5,8,200
1,0,154~1,2,154
8,4,59~9,4,59
3,3,203~3,5,203
8,3,286~8,3,287
3,2,211~4,2,211
0,0,239~1,0,239
5,4,44~5,7,44
6,0,32~6,0,35
7,9,186~8,9,186
8,1,223~8,3,223
6,9,232~7,9,232
5,7,272~5,9,272
2,2,11~6,2,11
5,4,156~5,6,156
5,0,148~7,0,148
1,0,255~5,0,255
1,3,89~3,3,89
7,0,352~7,3,352
0,7,228~0,7,230
6,1,201~7,1,201
9,1,117~9,4,117
7,1,204~9,1,204
4,7,46~5,7,46
7,1,42~7,4,42
5,2,218~5,5,218
5,1,192~5,2,192
6,7,101~6,9,101
3,4,234~6,4,234
3,4,12~5,4,12
8,7,122~8,9,122
1,8,135~2,8,135
6,5,140~9,5,140
6,7,33~8,7,33
3,4,194~3,6,194
2,2,103~4,2,103
7,4,284~7,4,286
4,2,158~4,4,158
5,4,238~6,4,238
6,4,79~6,5,79
4,9,176~6,9,176
2,2,15~4,2,15
5,3,190~5,6,190
7,6,31~9,6,31
6,1,149~6,1,150
5,6,91~7,6,91
0,5,287~0,5,289
9,1,316~9,4,316
4,1,317~4,3,317
2,3,334~2,3,337
7,8,23~7,8,25
4,0,275~4,3,275
8,6,308~8,9,308
0,9,36~1,9,36
1,3,185~4,3,185
5,3,299~7,3,299
5,5,157~5,6,157
6,6,105~6,9,105
2,0,155~4,0,155
1,1,242~3,1,242
1,6,173~1,6,176
1,9,261~4,9,261
0,0,218~2,0,218
4,3,279~4,5,279
5,7,325~5,9,325
6,1,246~8,1,246
3,1,144~4,1,144
6,6,6~7,6,6
6,1,226~7,1,226
7,7,343~7,9,343
7,4,210~7,5,210
2,9,331~3,9,331
0,5,341~0,7,341
5,6,125~8,6,125
5,4,197~7,4,197
4,3,19~8,3,19
5,7,206~5,7,207
6,3,129~6,5,129
0,5,339~2,5,339
7,5,34~9,5,34
1,3,132~4,3,132
4,7,164~7,7,164
1,7,54~5,7,54
9,6,95~9,6,97
1,5,116~1,8,116
0,4,340~3,4,340
1,4,336~1,6,336
3,2,93~4,2,93
3,0,143~5,0,143
5,0,175~8,0,175
3,6,327~5,6,327
2,3,331~4,3,331
0,0,126~0,2,126
8,6,239~8,7,239
0,7,321~0,9,321
5,0,273~7,0,273
3,7,298~5,7,298
3,9,215~5,9,215
4,2,287~4,2,289
7,6,70~8,6,70
5,2,206~7,2,206
3,6,141~3,6,141
3,3,100~5,3,100
2,6,256~3,6,256
5,8,327~7,8,327
6,6,207~6,7,207
1,6,2~1,6,4
2,0,100~2,2,100
7,3,338~7,6,338
7,6,49~9,6,49
6,2,356~6,4,356
0,6,284~0,8,284
3,0,142~5,0,142
2,1,327~2,3,327
2,3,190~2,5,190
5,1,356~5,2,356
9,6,189~9,6,191
7,3,251~8,3,251
4,5,76~5,5,76
6,5,354~7,5,354
3,1,42~3,3,42
6,4,135~8,4,135
4,1,349~6,1,349
2,3,179~2,6,179
6,2,115~9,2,115
6,0,314~7,0,314
4,3,156~4,5,156
0,7,77~0,9,77
5,0,13~5,2,13
5,1,144~6,1,144
7,6,32~7,7,32
8,7,120~8,9,120
2,4,303~4,4,303
6,3,58~8,3,58
2,6,143~2,8,143
4,7,196~4,9,196
0,6,282~3,6,282
9,7,59~9,9,59
1,1,309~1,3,309
1,0,335~4,0,335
3,1,138~5,1,138
0,2,151~0,5,151
4,6,196~7,6,196
7,5,50~7,8,50
0,4,69~2,4,69
6,1,4~6,1,6
0,4,286~0,6,286
1,7,162~4,7,162
6,1,50~6,2,50
2,5,191~2,7,191
3,5,96~5,5,96
3,1,91~3,4,91
1,3,329~2,3,329
4,4,79~4,6,79
3,8,150~3,9,150
6,6,8~6,9,8
0,4,288~0,4,290
4,5,291~7,5,291
1,2,63~1,2,65
8,4,316~8,4,318
6,2,315~8,2,315
1,5,78~3,5,78
6,8,97~8,8,97
6,1,289~7,1,289
5,7,306~5,9,306
6,5,116~6,6,116
7,1,214~9,1,214
6,2,302~6,5,302
6,9,358~7,9,358
5,7,342~5,8,342
8,3,54~9,3,54
5,2,164~5,4,164
4,5,48~4,7,48
2,1,313~2,4,313
7,8,230~9,8,230
4,1,300~5,1,300
6,5,167~6,7,167
7,1,357~7,3,357
6,6,302~8,6,302
5,4,317~7,4,317
0,5,137~0,5,139
0,7,324~0,9,324
3,0,95~3,0,97
4,8,241~4,8,243
4,0,250~4,2,250
8,2,85~8,3,85
8,7,258~9,7,258
1,3,282~4,3,282
6,7,228~8,7,228
1,8,335~1,9,335
5,3,73~7,3,73
6,4,284~6,6,284
1,7,115~3,7,115
5,1,355~7,1,355
3,7,113~3,9,113
4,2,270~4,3,270
6,4,204~6,6,204
3,9,219~4,9,219
1,3,108~1,4,108
5,7,43~7,7,43
0,8,155~1,8,155
0,1,289~0,3,289
5,0,285~7,0,285
0,4,311~0,4,312
1,2,260~1,4,260
5,9,239~9,9,239
0,4,309~1,4,309
2,1,263~5,1,263
7,4,52~7,6,52
4,3,93~6,3,93
7,3,100~7,5,100
6,9,182~8,9,182
4,3,312~4,4,312
9,1,240~9,4,240
8,0,24~8,2,24
5,7,209~5,7,212
8,2,64~8,4,64
8,3,162~8,5,162
2,4,60~5,4,60
8,4,39~8,6,39
1,7,215~4,7,215
7,7,7~7,9,7
2,3,161~5,3,161
3,1,306~3,4,306
5,2,97~5,5,97
4,0,300~5,0,300
1,3,322~3,3,322
7,5,126~7,7,126
2,0,330~4,0,330
6,8,88~8,8,88
7,6,316~7,9,316
1,6,325~4,6,325
5,2,268~5,4,268
7,2,223~7,5,223
7,4,341~7,6,341
0,7,2~0,9,2
7,9,235~8,9,235
4,6,19~6,6,19
8,2,82~8,5,82
4,3,137~4,5,137
8,2,255~9,2,255
3,6,14~3,8,14
6,2,294~6,4,294
1,3,161~1,5,161
0,2,53~0,2,56
1,4,45~1,6,45
0,8,17~0,8,20
5,9,355~6,9,355
4,7,95~6,7,95
8,3,209~8,6,209
5,3,146~5,5,146
3,0,355~5,0,355
3,8,45~3,8,47
2,9,18~2,9,20
6,0,14~6,2,14
6,6,342~9,6,342
3,8,57~3,8,59
3,4,170~3,7,170
5,7,102~6,7,102
4,1,248~4,2,248
8,6,92~9,6,92
2,8,123~3,8,123
5,0,141~5,2,141
2,0,241~2,3,241
7,3,313~7,5,313
3,2,12~4,2,12
3,2,53~5,2,53
9,7,15~9,9,15
8,2,220~8,3,220
2,1,306~2,4,306
1,0,214~4,0,214
2,5,42~2,5,43
9,1,242~9,1,244
0,0,217~2,0,217
4,0,332~6,0,332
3,5,179~5,5,179
7,1,219~9,1,219
6,0,7~8,0,7
2,8,115~4,8,115
5,6,47~5,6,49
1,1,202~1,3,202
5,9,30~5,9,32
6,2,155~6,4,155
2,1,144~2,1,145
2,3,61~4,3,61
0,3,221~0,6,221
8,2,83~8,5,83
2,8,279~2,8,281
3,3,113~3,6,113
1,7,156~1,9,156
6,5,215~8,5,215
8,3,281~8,4,281
2,7,87~2,7,88
7,6,248~7,6,251
1,3,235~1,3,237
0,5,75~0,8,75
7,2,95~7,4,95
4,7,36~6,7,36
0,0,236~0,3,236
9,4,10~9,4,11
0,4,245~0,7,245
0,5,131~2,5,131
5,4,65~5,5,65
7,6,344~9,6,344
2,3,348~2,5,348
4,1,213~5,1,213
9,3,236~9,5,236
5,3,144~8,3,144
0,3,240~0,4,240
1,6,21~2,6,21
8,4,173~9,4,173
7,3,112~9,3,112
6,3,85~6,6,85
3,0,16~5,0,16
6,6,174~9,6,174
3,2,281~5,2,281
5,5,286~8,5,286
8,3,290~9,3,290
5,1,345~8,1,345
4,5,221~5,5,221
3,6,4~6,6,4
1,2,234~1,4,234
6,0,131~9,0,131
8,2,87~8,4,87
7,1,198~7,4,198
1,3,221~1,6,221
4,3,267~7,3,267
9,0,218~9,0,220
1,4,79~1,5,79
5,5,289~5,8,289
7,2,287~9,2,287
4,5,267~5,5,267
6,3,236~6,5,236
0,9,17~2,9,17
3,4,142~3,6,142
3,8,246~5,8,246
6,5,101~6,6,101
2,3,60~3,3,60
8,6,311~8,8,311
4,9,16~7,9,16
4,0,354~7,0,354
6,8,314~9,8,314
0,9,317~0,9,319
5,6,115~5,8,115
1,1,326~3,1,326
1,7,128~1,8,128
8,1,47~8,4,47
1,1,134~1,3,134
0,4,110~0,6,110
0,0,292~0,1,292
7,5,26~9,5,26
4,5,117~4,8,117
9,5,335~9,8,335
5,3,62~5,5,62
5,7,38~7,7,38
4,9,120~6,9,120
1,8,32~2,8,32
8,6,164~8,9,164
7,2,168~7,4,168
9,1,311~9,3,311
9,3,231~9,4,231
8,5,251~8,8,251
7,1,59~9,1,59
7,3,20~7,7,20
6,4,93~6,5,93
8,4,10~8,6,10
2,4,14~2,7,14
0,5,310~1,5,310
0,1,31~3,1,31
3,0,251~5,0,251
2,7,23~2,8,23
6,1,107~8,1,107
8,2,156~8,5,156
1,5,158~1,7,158
2,1,109~2,4,109
1,6,331~4,6,331
4,5,121~4,8,121
1,6,341~1,9,341
7,5,128~9,5,128
6,4,298~6,6,298
1,6,339~1,7,339
6,9,185~8,9,185
4,0,358~4,2,358
4,4,29~4,6,29
1,8,28~1,8,30
1,8,298~3,8,298
2,3,21~2,4,21
3,8,54~6,8,54
6,1,122~9,1,122
1,0,195~1,1,195
1,2,270~2,2,270
7,8,140~9,8,140
4,4,239~4,5,239
4,9,342~6,9,342
9,4,243~9,7,243
9,2,174~9,4,174
2,1,189~2,3,189
2,2,68~2,2,70
4,7,169~7,7,169
1,6,292~1,9,292
0,2,145~2,2,145
7,8,160~8,8,160
1,2,151~1,4,151
4,0,10~4,2,10
2,2,208~2,5,208
1,2,191~1,5,191
2,0,331~4,0,331
9,7,8~9,9,8
5,3,238~6,3,238
2,8,334~4,8,334
6,7,347~9,7,347
4,5,307~4,7,307
3,9,129~6,9,129
2,4,142~2,6,142
5,3,90~5,5,90
9,7,333~9,8,333
5,4,107~8,4,107
1,7,226~3,7,226
5,2,123~6,2,123
6,4,119~8,4,119
4,7,175~6,7,175
5,1,133~7,1,133
1,2,61~3,2,61
8,5,159~9,5,159
9,3,17~9,3,17
2,9,224~4,9,224
2,7,56~2,8,56
4,5,159~4,7,159
9,7,305~9,7,306
1,3,227~1,3,230
6,6,27~6,8,27
4,0,169~4,0,171
0,6,328~1,6,328
8,0,8~9,0,8
7,1,281~9,1,281
3,3,261~6,3,261
3,3,83~3,6,83
6,6,87~6,9,87
7,0,106~7,2,106
3,4,96~3,4,97
0,3,138~1,3,138
0,0,122~0,3,122
6,6,139~7,6,139
6,1,344~6,3,344
5,4,68~5,5,68
1,1,335~3,1,335
9,5,5~9,7,5
8,4,305~8,6,305
3,7,313~6,7,313
7,6,331~7,8,331
5,4,47~5,4,50
4,0,166~4,3,166
5,2,204~8,2,204
4,0,91~4,4,91
5,2,70~5,4,70
2,5,220~2,7,220
6,9,234~6,9,235
9,2,258~9,2,258
0,7,137~2,7,137
4,6,191~6,6,191
4,0,309~4,3,309
4,8,168~5,8,168
0,6,263~2,6,263
2,0,175~4,0,175
8,8,300~8,9,300
7,8,134~9,8,134
8,7,51~8,7,53
5,4,139~5,7,139
2,5,176~5,5,176
0,0,329~4,0,329
6,1,256~6,1,258
1,3,358~4,3,358
1,1,137~4,1,137
3,4,31~5,4,31
5,7,24~5,9,24
6,3,163~8,3,163
5,0,252~5,2,252
7,0,28~7,3,28
0,5,226~0,7,226
5,5,356~6,5,356
4,5,180~7,5,180
7,2,193~7,3,193
4,6,123~6,6,123
3,6,219~5,6,219
1,5,305~3,5,305
0,0,129~0,0,131
7,0,231~7,3,231
4,3,3~4,4,3
3,5,349~3,7,349
7,2,63~8,2,63
4,9,3~5,9,3
1,6,309~1,9,309
9,7,161~9,9,161
6,2,41~9,2,41
5,2,190~7,2,190
4,0,31~4,0,33
2,6,258~2,9,258
5,5,205~5,7,205
3,1,46~3,1,46
6,0,132~6,0,134
0,5,133~0,7,133
3,1,109~3,3,109
2,7,37~5,7,37
7,0,3~7,0,5
3,0,114~5,0,114
2,6,6~2,6,6
5,4,339~8,4,339
5,6,344~5,8,344
3,0,215~3,0,215
9,2,319~9,5,319
3,4,297~5,4,297
3,4,72~3,6,72
4,9,216~6,9,216
0,3,140~2,3,140
3,7,203~5,7,203
6,1,313~7,1,313
7,9,347~7,9,349
2,6,278~3,6,278
4,2,191~4,4,191
3,3,71~3,4,71
8,1,3~8,3,3
4,2,285~5,2,285
1,9,158~1,9,160
7,6,13~7,9,13
8,2,45~8,6,45
7,2,310~9,2,310
4,9,352~7,9,352
0,2,50~3,2,50
8,9,25~9,9,25
1,6,223~1,8,223
3,1,266~3,3,266
3,9,168~5,9,168
2,2,55~4,2,55
1,2,8~1,4,8
1,0,101~1,2,101
6,1,49~8,1,49
3,6,171~4,6,171
4,3,124~4,5,124
0,3,144~3,3,144
0,5,186~2,5,186
2,5,225~2,5,227
0,4,242~2,4,242
6,4,153~6,6,153
4,6,35~6,6,35
1,3,136~3,3,136
2,3,38~4,3,38
6,7,125~6,9,125
8,1,7~9,1,7
8,4,111~8,6,111
3,7,82~5,7,82
6,1,316~6,1,319
7,1,132~7,4,132
2,2,130~6,2,130
4,8,197~6,8,197
6,3,333~6,6,333
1,9,223~3,9,223
2,9,297~5,9,297
7,0,309~7,2,309
0,8,111~2,8,111
6,7,237~6,8,237
9,4,310~9,7,310
3,7,294~3,7,296
7,3,109~7,6,109
3,2,223~5,2,223
1,9,216~3,9,216
1,3,290~3,3,290
2,3,139~2,5,139
4,8,178~6,8,178
1,1,265~2,1,265
5,8,131~7,8,131
1,0,109~1,0,111
1,6,283~1,6,284
4,8,308~7,8,308
7,8,256~8,8,256
0,4,108~0,5,108
3,7,326~3,9,326
4,1,110~7,1,110
1,4,1~2,4,1
6,7,333~6,8,333
1,3,5~1,3,7
9,2,280~9,3,280
8,6,356~8,9,356
8,4,336~8,7,336
5,6,129~5,8,129
3,1,280~4,1,280
7,7,229~7,9,229
0,5,220~0,7,220
4,4,299~4,6,299
5,5,7~8,5,7
7,6,142~9,6,142
8,0,55~8,2,55
4,3,49~7,3,49
7,6,293~7,6,295
8,5,256~8,7,256
5,0,93~8,0,93
3,0,309~3,3,309
0,4,95~3,4,95
4,7,148~4,9,148
6,5,154~8,5,154
2,8,90~4,8,90
0,6,332~3,6,332
0,7,311~2,7,311
3,1,250~3,2,250
6,3,126~6,5,126
7,1,271~7,1,273
8,0,61~8,0,62
8,6,180~8,9,180
7,2,37~7,5,37
2,6,260~4,6,260
1,3,128~1,5,128
3,5,75~5,5,75
0,1,340~0,2,340
0,3,95~2,3,95
8,2,351~8,4,351
3,8,304~3,9,304
0,6,312~0,9,312
6,3,350~8,3,350
0,5,111~2,5,111
2,6,181~5,6,181
3,6,21~3,9,21
9,2,91~9,5,91
9,2,85~9,5,85
1,7,56~1,8,56
7,6,167~7,8,167
0,0,241~0,0,243
4,8,126~6,8,126
2,2,187~2,4,187
7,3,166~7,5,166
4,1,245~7,1,245
4,7,98~6,7,98
7,3,125~7,5,125
6,1,145~6,1,147
5,0,90~5,2,90
1,9,115~3,9,115
3,3,355~6,3,355
7,7,36~8,7,36
2,4,171~4,4,171
0,1,119~0,1,121
6,3,110~6,5,110
5,5,182~5,6,182
9,3,172~9,6,172
4,4,136~6,4,136
9,3,86~9,6,86
0,3,315~0,5,315
4,5,127~5,5,127
4,2,184~4,3,184
3,7,127~3,9,127
2,6,252~3,6,252
6,1,203~6,4,203
3,9,275~5,9,275
4,4,103~4,4,105
8,3,174~8,5,174
6,2,245~6,5,245
6,1,243~6,3,243
6,6,67~7,6,67
8,2,2~8,3,2
3,7,212~3,8,212
1,7,121~1,8,121
3,8,274~5,8,274
4,2,37~6,2,37
9,3,283~9,5,283
4,6,3~6,6,3
3,6,26~5,6,26
8,1,253~8,4,253
6,4,231~6,6,231
0,0,30~3,0,30
6,7,157~6,9,157
8,8,59~8,9,59
1,6,42~1,7,42
3,0,164~6,0,164
5,3,51~7,3,51
7,1,213~7,5,213
7,5,316~7,5,318
1,8,171~3,8,171
4,0,191~4,1,191
5,5,303~5,5,305
4,3,96~5,3,96
2,5,119~2,7,119
3,3,294~5,3,294
9,7,10~9,9,10
4,0,150~5,0,150
0,2,149~3,2,149
1,7,343~1,8,343
8,2,139~8,4,139
3,7,347~5,7,347
1,8,26~3,8,26
0,4,38~1,4,38
7,7,302~9,7,302
4,2,143~4,4,143
0,4,293~1,4,293
4,4,88~4,6,88
2,6,299~2,6,300
7,9,1~8,9,1
6,2,12~6,4,12
6,6,330~6,8,330
0,9,344~2,9,344
0,0,197~3,0,197
2,8,324~5,8,324
2,0,153~4,0,153
9,2,4~9,4,4
0,0,133~1,0,133
7,8,64~7,9,64
1,5,188~1,5,190
2,8,300~4,8,300
6,4,43~6,6,43
6,7,5~7,7,5
1,5,170~1,7,170
2,2,197~4,2,197
4,5,84~4,7,84
4,4,220~7,4,220
6,9,22~8,9,22
1,8,87~3,8,87
5,7,300~5,8,300
7,5,28~7,7,28
3,7,278~3,8,278
1,0,55~1,4,55
9,5,320~9,6,320
0,0,116~0,2,116
7,2,30~9,2,30
4,5,333~4,9,333
4,5,4~6,5,4
5,9,28~6,9,28
6,1,354~7,1,354
9,8,338~9,8,339
5,9,189~7,9,189
2,3,274~2,6,274
3,6,20~5,6,20
2,4,98~2,4,98
0,3,275~2,3,275
0,0,124~0,2,124
4,4,154~8,4,154
7,6,96~7,9,96
1,4,255~4,4,255
7,3,301~7,3,302
2,1,18~2,4,18
4,0,273~4,2,273
3,2,209~7,2,209
3,9,61~5,9,61
4,7,304~8,7,304
3,4,254~3,6,254
3,6,222~6,6,222
3,1,278~6,1,278
7,2,156~7,4,156
1,4,315~1,6,315
5,7,85~8,7,85
5,4,208~6,4,208
8,2,311~8,2,314
5,9,117~9,9,117
6,6,306~7,6,306
3,9,56~5,9,56
0,3,74~2,3,74
5,2,215~5,2,217
6,6,151~6,8,151
5,5,24~6,5,24
5,2,221~5,4,221
6,0,325~7,0,325
4,5,275~6,5,275
6,3,170~6,6,170
0,6,217~2,6,217
8,2,286~8,2,286
1,7,127~1,9,127
2,0,318~2,3,318
6,5,98~6,6,98
2,5,204~4,5,204
1,1,12~4,1,12
6,5,321~7,5,321
8,2,118~9,2,118
7,5,23~9,5,23
1,3,2~3,3,2
8,7,254~8,7,255
6,2,353~6,5,353
0,2,29~0,5,29
1,1,322~3,1,322
8,5,176~9,5,176
0,3,149~0,5,149
3,0,312~6,0,312
2,5,340~4,5,340
2,2,258~2,5,258
5,0,297~5,3,297
3,5,301~5,5,301
4,7,101~5,7,101
5,5,346~5,6,346
2,8,169~4,8,169
5,8,109~6,8,109
5,2,340~5,4,340
2,3,8~2,5,8
0,2,235~2,2,235
9,2,343~9,5,343
6,0,289~8,0,289
1,3,339~3,3,339
8,1,110~8,3,110
0,3,223~2,3,223
5,3,14~5,5,14
6,6,42~9,6,42
0,5,299~1,5,299
4,8,57~6,8,57
5,3,76~7,3,76
5,1,2~5,3,2
5,4,194~5,7,194
5,9,174~7,9,174
4,2,225~4,2,227
3,9,57~5,9,57
1,5,254~1,7,254
7,7,99~7,7,99
7,8,60~7,8,63
6,5,277~9,5,277
0,1,107~3,1,107
0,7,117~2,7,117
5,4,109~5,7,109
2,8,276~4,8,276
3,8,240~5,8,240
3,2,45~3,4,45
0,6,53~0,8,53
4,0,159~4,2,159
5,9,217~5,9,219
7,3,31~7,4,31
1,7,274~1,9,274
5,2,14~5,2,14
6,2,241~6,3,241
7,6,333~9,6,333
7,0,304~8,0,304
5,0,270~7,0,270
5,2,147~5,3,147
4,5,244~4,7,244
8,7,128~9,7,128
3,3,4~3,5,4
3,2,40~3,3,40
2,9,278~3,9,278
0,5,280~2,5,280
1,2,54~1,4,54
4,0,173~5,0,173
6,2,250~6,3,250
4,3,249~4,3,251
5,1,61~7,1,61
2,3,35~4,3,35
1,2,194~1,4,194
6,4,350~7,4,350
6,1,228~9,1,228
7,2,288~9,2,288
0,2,32~1,2,32
7,3,235~9,3,235
2,2,227~2,4,227
7,8,162~8,8,162
3,4,336~3,6,336
4,5,28~4,8,28
0,9,118~1,9,118
1,5,213~1,7,213
3,6,42~3,8,42
9,5,89~9,7,89
9,1,173~9,3,173
7,6,128~7,7,128
3,7,301~3,9,301
3,6,185~3,7,185
2,3,70~2,3,71
5,7,247~8,7,247
1,1,142~3,1,142
4,6,304~7,6,304
0,2,153~0,3,153
1,5,148~3,5,148
3,3,68~3,5,68
6,4,226~6,7,226
4,7,230~6,7,230
6,7,11~6,9,11
2,8,330~5,8,330
1,3,225~3,3,225
8,5,12~8,7,12
3,0,325~5,0,325
7,3,74~7,5,74
4,7,337~6,7,337
0,2,336~0,4,336
7,6,297~9,6,297
1,2,118~1,5,118
4,2,138~4,4,138
4,2,71~7,2,71
0,8,132~2,8,132
2,2,195~5,2,195
6,6,234~6,8,234
5,4,270~5,6,270
8,2,49~9,2,49
0,3,123~0,4,123
1,6,318~1,8,318
0,3,288~3,3,288
3,3,311~3,5,311
7,1,200~9,1,200
6,3,296~6,5,296
7,7,51~7,7,52
1,5,150~2,5,150
2,1,161~4,1,161
5,5,86~5,8,86
5,1,350~5,1,353
7,2,125~9,2,125
5,0,203~5,0,205
1,7,211~3,7,211
1,2,92~1,5,92
5,0,112~5,2,112
5,4,273~6,4,273
4,3,183~4,6,183
9,3,57~9,3,57
1,4,276~1,5,276
7,4,239~7,7,239
2,1,238~2,2,238
6,4,183~8,4,183
0,1,1~0,3,1
9,2,83~9,4,83
0,0,259~1,0,259
4,6,226~5,6,226
6,6,197~8,6,197
6,1,360~9,1,360
8,5,299~8,8,299
0,6,161~2,6,161
6,9,302~9,9,302
6,4,80~9,4,80
7,3,135~8,3,135
1,6,287~1,6,289
1,4,2~3,4,2
0,7,208~2,7,208
9,6,187~9,9,187
4,4,237~6,4,237
0,5,227~0,5,231
6,8,154~6,9,154
6,7,177~6,8,177
8,0,169~8,3,169
4,8,145~7,8,145
0,6,79~0,7,79
7,8,332~8,8,332
6,8,253~8,8,253
0,6,303~0,9,303
7,2,134~9,2,134
7,0,269~7,4,269
3,7,49~5,7,49
1,4,37~4,4,37
5,7,118~7,7,118
5,5,31~7,5,31
4,5,93~4,7,93
4,3,238~4,6,238
5,6,306~5,6,308
0,2,87~0,4,87
2,6,17~4,6,17
4,2,283~4,3,283
9,0,86~9,2,86
1,5,123~1,8,123
0,4,222~0,5,222
6,3,88~6,6,88
1,0,257~1,2,257
7,4,314~9,4,314
2,3,134~2,3,135
8,9,28~9,9,28
0,1,32~1,1,32
7,3,255~9,3,255
3,6,7~4,6,7